0,039613
0,180990
0,442254
0,216071
0,201733
0,085360
0,119576
0,092723
0,152532
0,298260
0,325005
0,305005
0,300666
0,314127
0,357315
0,393975
0,342795
0,386217
0,361228
0,420534
0,374645
0,343275
0,334979
0,379301
0,360640
0,343803
0,341558
0,344578
0,340141
0,347925
0,335091
0,364505
0,381864
0,410956
0,434863
0,433271
0,407044
0,401425
0,427893
0,413653
0,402626
0,416741
0,404289
0,392704
0,379479
0,375482
0,372890
0,400821
0,378467
0,358998
0,354255
0,349585
0,331549
0,344761
0,359892
0,361414
0,353546
0,358955
0,363381
0,365682
0,374233
0,362499
0,352183
0,349680
0,347651
0,346453
0,359514
0,354555
0,359609
0,353133
0,361618
0,374113
0,391643
0,406076
0,409328
0,394931
0,400949
0,417064
0,432453
0,448691
0,446784
0,460154
0,450279
0,444783
0,457974
0,462105
0,476617
0,474378
0,462028
0,470012
0,470691
0,477371
0,477457
0,464701
0,459686
0,455338
0,462948
0,454122
0,453181
0,445530
0,445816
0,454126
0,449626
0,442000
0,437955
0,432523
0,441008
0,446003
0,452637
0,451540
0,455233
0,447322
0,450154
0,447031
0,442299
0,447114
0,454244
0,450517
0,460580
0,463312
0,472306
0,471788
0,476657
0,472515
0,470850
0,470235
0,467003
0,463200
0,462680
0,462902
0,461549
0,463282
0,458127
0,454672
0,450746
0,445985
0,437676
0,442341
0,439403
0,435572
0,442701
0,446314
0,444444
0,437935
0,441412
0,447527
0,445106
0,450462
0,453819
0,457271
0,450802
0,442314
0,436883
0,441957
0,442114
0,440855
0,447562
0,448112
0,449200
0,454569
0,451496
0,456112
0,457805
0,457521
0,454675
0,450666
0,444236
0,440277
0,439637
0,447022
0,449701
0,447462
0,441705
0,447528
0,445507
0,442923
0,445798
0,443862
0,436870
0,437999
0,440262
0,443658
0,450750
0,448359
0,442974
0,441619
0,437750
0,440357
0,442480
0,437341
0,440719
0,442782
0,438669
0,444130
0,444402
0,443133
0,441465
0,443585
0,444563
0,439644
0,443610
0,439308
0,441926
0,436777
0,431246
0,434668
0,431096
0,428115
0,430015
0,432680
0,431022
0,433511
0,433440
0,434778
0,436565
0,440908
0,446473
0,449556
0,446587
0,447859
0,447560
0,446700
0,449245
0,453552
0,451548
0,450676
0,451803
0,454157
0,452259
0,456169
0,453617
0,452084
0,454893
0,460566
0,463595
0,459922
0,463730
0,462972
0,467330
0,469607
0,465089
0,462158
0,462978
0,458616
0,462179
0,464482
0,460701
0,456464
0,457798
0,454232
0,456319
0,456975
0,458738
0,462951
0,461563
0,459686
0,463291
0,461796
0,461183
0,459558
0,456298
0,453508
0,454939
0,455933
0,457972
0,454704
0,459064
0,459486
0,455832
0,455822
0,455540
0,459458
0,458668
0,460134
0,463581
0,467194
0,464788
0,468489
0,467048
0,466110
0,467274
0,468878
0,471694
0,475393
0,473984
0,472429
0,473933
0,472739
0,471375
0,469606
0,472520
0,472067
0,472784
0,470263
0,472420
0,471850
0,473270
0,473048
0,476519
0,474095
0,471130
0,473909
0,475422
0,475900
0,472329
0,471861
0,475981
0,478821
0,480690
0,484095
0,482551
0,484985
0,483028
0,482950
0,481370
0,484945
0,483692
0,486360
0,482466
0,481909
0,480811
0,481899
0,483390
0,482446
0,485046
0,488016
0,486400
0,487526
0,488637
0,490935
0,491414
0,492916
0,489321
0,486823
0,487927
0,486869
0,486635
0,483000
0,482119
0,484515
0,483201
0,484852
0,483195
0,482688
0,480625
0,484148
0,485693
0,488991
0,492429
0,490339
0,493184
0,491599
0,494201
0,495634
0,495838
0,495278
0,494712
0,493773
0,490514
0,494107
0,495541
0,494605
0,491575
0,490279
0,491990
0,495529
0,495016
0,495060
0,494610
0,497665
0,500129
0,501754
0,498728
0,501639
0,501318
0,500672
0,498781
0,501788
0,499458
0,498549
0,495258
0,494927
0,492620
0,495668
0,493971
0,493228
0,490917
0,493426
0,495645
0,494036
0,493529
0,491727
0,490428
0,491060
0,494173
0,497204
0,495444
0,494254
0,492554
0,493256
0,493947
0,495502
0,494840
0,494597
0,495485
0,493286
0,495179
0,492923
0,490349
0,489149
0,488032
0,485307
0,482556
0,481603
0,482309
0,484517
0,484052
0,483447
0,482429
0,484138
0,485576
0,483588
0,480833
0,483322
0,481677
0,479924
0,479507
0,480170
0,477657
0,475572
0,476896
0,475776
0,475120
0,473565
0,472186
0,471246
0,470389
0,467988
0,465386
0,462590
0,461894
0,463196
0,466062
0,464982
0,464329
0,463136
0,464237
0,464219
0,462624
0,461962
0,462327
0,463502
0,464238
0,463566
0,461864
0,461009
0,458873
0,458334
0,457842
0,456602
0,457387
0,460131
0,461651
0,460614
0,463067
0,461335
0,460106
0,459632
0,458971
0,458789
0,458719
0,459732
0,459848
0,461054
0,460754
0,460240
0,459195
0,459942
0,461120
0,458921
0,456957
0,456920
0,457755
0,459532
0,459262
0,460724
0,461960
0,461222
0,461160
0,461368
0,460308
0,461218
0,460697
0,462264
0,464527
0,463957
0,466454
0,465025
0,463944
0,464056
0,465480
0,467676
0,465287
0,467678
0,466482
0,467475
0,468303
0,469948
0,469762
0,468658
0,467256
0,468635
0,468968
0,466659
0,468797
0,468572
0,467395
0,469680
0,472100
0,471334
0,470553
0,468646
0,468562
0,467450
0,469586
0,469876
0,469892
0,472359
0,472493
0,472148
0,471697
0,472461
0,471564
0,470916
0,472858
0,470844
0,469721
0,471517
0,469663
0,471309
0,469918
0,468804
0,467666
0,468995
0,468774
0,466560
0,468665
0,468650
0,470015
0,472172
0,472854
0,471228
0,470357
0,468889
0,470955
0,470744
0,470818
0,472288
0,473816
0,473560
0,474205
0,472652
0,470431
0,471255
0,471961
0,472022
0,472616
0,472101
0,471463
0,471884
0,470720
0,469384
0,470726
0,471544
0,472491
0,472208
0,474065
0,474798
0,473915
0,474522
0,474252
0,474771
0,474134
0,473763
0,473567
0,473367
0,473921
0,473438
0,472305
0,472620
0,470863
0,470086
0,471201
0,473377
0,474239
0,476349
0,475467
0,476173
0,475010
0,473971
0,473085
0,472581
0,473641
0,473362
0,475407
0,474845
0,474711
0,473240
0,472499
0,473875
0,472956
0,474834
0,475379
0,475034
0,476575
0,475786
0,476882
0,476312
0,474777
0,473761
0,473639
0,472370
0,473829
0,474206
0,473047
0,473097
0,471873
0,472457
0,472077
0,473937
0,475957
0,475176
0,474591
0,472795
0,474151
0,473821
0,474494
0,474865
0,475753
0,477013
0,476448
0,477495
0,476792
0,477709
0,477087
0,476564
0,477889
0,479827
0,480628
0,480542
0,480445
0,479674
0,479445
0,478641
0,478454
0,476977
0,475545
0,476479
0,476293
0,477880
0,478108
0,478021
0,477137
0,476648
0,476071
0,475620
0,474865
0,473442
0,472106
0,472850
0,473196
0,474223
0,473779
0,475576
0,474788
0,475132
0,476507
0,477573
0,477450
0,476073
0,475612
0,475883
0,476399
0,477313
0,478267
0,477418
0,479224
0,480215
0,481717
0,481199
0,480508
0,480847
0,479345
0,478827
0,478262
0,479876
0,479418
0,479457
0,479050
0,478178
0,479241
0,478934
0,477651
0,479288
0,477868
0,478471
0,479438
0,480730
0,478974
0,480804
0,478989
0,478828
0,477839
0,477107
0,477464
0,477119
0,476994
0,477915
0,478340
0,477496
0,478272
0,478634
0,477933
0,478578
0,480180
0,480165
0,481397
0,480175
0,479995
0,480071
0,481274
0,482455
0,481495
0,481452
0,480788
0,482279
0,482788
0,483378
0,483158
0,484826
0,485454
0,484315
0,483696
0,485348
0,486207
0,484840
0,483358
0,482729
0,482049
0,481322
0,480344
0,479249
0,478178
0,476985
0,476171
0,475776
0,476119
0,477317
0,478326
0,478926
0,479205
0,478181
0,478506
0,478974
0,480384
0,482089
0,482986
0,482441
0,481447
0,482417
0,483162
0,482729
0,482846
0,483554
0,483712
0,483123
0,483034
0,483780
0,482831
0,482208
0,481494
0,481225
0,481746
0,480934
0,480720
0,481717
0,481090
0,480245
0,479739
0,479818
0,480493
0,480071
0,479332
0,479055
0,478848
0,477918
0,477227
0,478671
0,478937
0,478204
0,479238
0,478996
0,479631
0,480909
0,482357
0,482779
0,482451
0,481998
0,481053
0,482299
0,482500
0,482192
0,481952
0,481729
0,482644
0,483619
0,482891
0,482283
0,482096
0,482338
0,481552
0,481043
0,479750
0,478810
0,479981
0,479421
0,480265
0,480569
0,479688
0,479270
0,479144
0,478753
0,480029
0,478972
0,479676
0,478530
0,479040
0,478282
0,476703
0,476920
0,477640
0,476663
0,475444
0,475686
0,475169
0,473753
0,473109
0,472149
0,472720
0,471942
0,471760
0,473033
0,474078
0,474394
0,475731
0,476226
0,476899
0,476638
0,478107
0,479212
0,479147
0,478428
0,477926
0,478912
0,480077
0,479682
0,479874
0,479217
0,477922
0,478261
0,478649
0,477775
0,476894
0,478090
0,479377
0,478775
0,479046
0,480171
0,480326
0,480589
0,480047
0,479731
0,480290
0,479794
0,480470
0,480124
0,479471
0,479555
0,478984
0,478449
0,478164
0,478316
0,478877
0,479592
0,478676
0,479838
0,479072
0,479001
0,480455
0,481512
0,482922
0,482534
0,482122
0,481233
0,480123
0,479900
0,479802
0,480913
0,481103
0,480100
0,480029
0,480832
0,482135
0,481027
0,479819
0,480210
0,481397
0,481390
0,481933
0,482660
0,482014
0,482095
0,481908
0,482195
0,481680
0,480541
0,479721
0,478566
0,479552
0,478985
0,478883
0,478472
0,477657
0,477090
0,476687
0,477867
0,477397
0,478038
0,477466
0,477258
0,476814
0,477407
0,477288
0,476069
0,476524
0,475814
0,474843
0,474165
0,474758
0,475886
0,475913
0,476029
0,474913
0,474287
0,474675
0,474552
0,473213
0,473271
0,472599
0,473727
0,475055
0,474804
0,475628
0,474679
0,475014
0,473853
0,474287
0,474048
0,475097
0,476125
0,477010
0,477383
0,477983
0,477415
0,476882
0,476939
0,476578
0,476284
0,477495
0,478773
0,479532
0,479361
0,480014
0,479574
0,479992
0,479688
0,479284
0,479247
0,478607
0,477598
0,477550
0,478670
0,478131
0,477491
0,478339
0,478927
0,478904
0,478767
0,478542
0,478362
